x,y
1,0
1.015625,0.0625
1.03125,0.123779296875
1.046875,0.183872222900391
1.0625,0.242812037467957
1.078125,0.300630955025554
1.09374998509884,0.357360155903734
1.10937490127981,0.4130297867232
1.12499962624861,0.467668955538102
1.14062393867061,0.52130572559787
1.15624748831078,0.5739671105658
1.1718697688861,0.625679073182268
1.18749009487351,0.67646652867311
1.20310758305503,0.726353353651151
1.21872113920735,0.775362400816906
1.23432945004133,0.82351551941339
1.24993098025491,0.870833581114581
1.26552397437324,0.917336510816176
1.2811064629056,0.963043321642774
1.29667627224514,1.0079721533815
1.31223103767157,1.05214031349363
1.32776821878485,1.09556431983854
1.34328511669616,1.13825994426433
1.3587788923284,1.18024225627099
1.3742465852268,1.22152566603112
1.38968513234715,1.26212396615263
1.40509138637056,1.30205037168268
1.42046213318337,1.34131755797534
1.43579410825521,1.3799376961716
1.45108401174264,1.41792248616287
1.4663285222351,1.45528318702415
1.4815243091418,1.49203064500394
1.49666804378785,1.52817531924318
1.51175640934425,1.56372730545975
1.52678610975571,1.59869635787753
1.54175387785266,1.63309190969751
1.55665648283763,1.66692309240332
1.57149073732283,1.70019875416486
1.58625350406544,1.73292747755501
1.60094170250413,1.76511759672865
1.6155523151462,1.79677721413532
1.63008239379644,1.8279142167546
1.64452906555966,1.85853629176269
1.65888953849624,1.88865094146779
1.67316110676875,1.9182654972992
1.68734115509364,1.94738713260605
1.70142716230829,1.97602287402199
1.71541670388437,2.00417961118481
1.72930745326259,2.03186410466547
1.74309718195106,2.05908299205597
1.75678375841615,2.08584279228562
1.77036514589458,2.1121499083719
1.78383939936251,2.13801062895578
1.79720466200228,2.16343112910947
1.81045916160104,2.18841747102573
1.82360120738676,2.21297560528525
1.83662918784373,2.23711137343792
1.84954157003732,2.26083051260384
1.86233690089951,2.28413866268098
1.87501381076667,2.30704137651463
1.88757101920391,2.32954413302249
1.90000734279298,2.35165235277378
1.91232170411375,2.37337141490948
1.92451314065324,2.39470667361967
1.93658081189846,2.41566347175905
1.94852400251015,2.43624714872079
1.96034211935365,2.45646303956508
1.97203468039796,2.47631646277185
1.9836012941773,2.49581269497692
1.99504162967174,2.51495693269259
2.00635537805485,2.53375424322724
2.01754220962661,2.55220950958897
2.0286017311626,2.57032737674982
2.03953345056095,2.58811220883798
2.05033675673686,2.60556806817525
2.06101092291708,2.62269872720394
2.07155514063197,2.63950772300305
2.0819685897415,2.65599846122819
2.09225054687183,2.67217437209685
2.10240053095319,2.68803911587541
2.11241848053267,2.70359682977036
2.12230495366084,2.71885240284644
2.1320613378972,2.73381176124969
2.14169005576267,2.74848214317139
2.15119475008573,2.76287234204032
2.16058043427555,2.77699289753825
2.16985359457042,2.7908562171108
2.17902223454396,2.80447661537695
2.1880958562644,2.81787026472886
2.19708537706584,2.83105505685028
2.2060029854514,2.84405038122703
2.21486194377725,2.85687683238397
2.22367634871056,2.86955586207596
2.23246086276624,2.88210939565884
2.24123043138312,2.8945594332182
2.25,2.90692765576137
2.25876956861688,2.91929587830453
2.26753913723376,2.9315822858315
2.27632365128944,2.94380855934959
2.28513805622275,2.95599606078784
2.2939970145486,2.96816543918902
2.30291462293416,2.98033624196477
2.3119041437356,2.99252655151941
2.32097776545604,3.00475266727529
2.33014640542958,3.01702885123596
2.33941956572445,3.02936715172433
2.34880524991427,3.04177731502792
2.35830994423733,3.0542667887384
2.3679386621028,3.06684081410131
2.37769504633916,3.07950259830353
2.38758151946733,3.09225355196005
2.39759946904681,3.10509357270892
2.40774945312817,3.11802135324599
2.4180314102585,3.13103469159886
2.42844485936803,3.14413078298201
2.43898907708292,3.15730647597378
2.44966324326314,3.17055848056887
2.46046654943905,3.18388352128017
2.4713982688374,3.1972784342058
2.48245779037339,3.21074021217626
2.49364462194515,3.22426600619981
2.50495837032826,3.23785309406827
2.5163987058227,3.25149882803443
2.52796531960204,3.26520057302077
2.53965788064635,3.27895564515615
2.55147599748985,3.29276125797795
2.56341918810154,3.30661448084544
2.57548685934676,3.3205122114161
2.58767829588625,3.33445116177437
2.59999265720702,3.3484278561753
2.61242898079609,3.36243863743585
2.62498618923333,3.37647967872063
2.63766309910049,3.39054699768727
2.65045842996268,3.40463647050745
2.66337081215627,3.4187438439879
2.67639879261324,3.43286474474075
2.68954083839895,3.44699468499631
2.70279533799772,3.46112906516024
2.71616060063749,3.47526317357663
2.72963485410542,3.4893921841761
2.74321624158384,3.50351115278666
2.75690281804894,3.51761501288959
2.77069254673741,3.53169857153745
2.78458329611563,3.54575650603897
2.79857283769171,3.55978336187268
2.81265884490636,3.57377355213521
2.82683889323125,3.58772135867346
2.84111046150376,3.60162093490593
2.85547093444034,3.61546631021552
2.86991760620356,3.62925139570326
2.8844476848538,3.64296999103262
2.89905829749587,3.65661579206979
2.91374649593456,3.67018239903461
2.92850926267717,3.68366332491535
2.94334351716237,3.69705200396207
2.95824612214734,3.7103418001503
2.97321389024429,3.72352601558997
2.98824359065575,3.73659789893634
3.00333195621215,3.74955065393223
3.0184756908582,3.76237744826693
3.0336714777649,3.77507142297316
3.04891598825736,3.78762570259479
3.06420589174479,3.80003340634398
3.07953786681663,3.8122876604268
3.09490861362943,3.82438161165223
3.11031486765285,3.83630844235389
3.1257534147732,3.84806138654992
3.1412211076716,3.85963374714924
3.15671488330384,3.87101891388655
3.17223178121515,3.88221038154021
3.18776896232843,3.89320176786356
3.20332372775486,3.90398683054678
3.2188935370944,3.91455948243226
3.23447602562676,3.92491380413691
3.25006901974509,3.93504405319788
3.26567054995867,3.94494466886036
3.28127886079265,3.95461027167186
3.29689241694497,3.96403565714433
3.31250990512649,3.97321578289545
3.3281302311139,3.98214574889105
3.34375251168922,3.99082077068489
3.35937606132939,3.99923614589835
3.37500037375139,4.00738721460948
3.39062509872019,4.01526931484113
3.40625001490116,4.02287773496937
3.421875,4.03020766563714
3.4375,4.03725415468216
3.453125,4.04401206970215
3.46875,4.05047607421875
3.484375,4.056640625
3.5,4.0625
3.515625,4.068359375
3.53125,4.07391357421875
3.546875,4.07915687561035
3.5625,4.08408337831497
3.578125,4.08868703059852
3.59374998509884,4.09296168771107
3.60937490127981,4.09690118898288
3.62499962624861,4.10049944564889
3.64062393867061,4.10375053272418
3.65624748831078,4.10664877979052
3.6718697688861,4.1091888568367
3.68749009487351,4.11136585236087
3.70310758305503,4.11317534182683
3.71872113920735,4.1146134452969
3.73432945004133,4.11567687366839
3.74993098025491,4.11636296343662
3.76552397437324,4.11666970031089
3.7811064629056,4.11659573232977
3.79667627224514,4.11614037336769
3.81223103767157,4.11530359810084
3.82776821878485,4.11408602961287
3.84328511669616,4.11248892087471
3.8587788923284,4.11051413133411
3.8742465852268,4.10816409980527
3.88968513234715,4.10544181476552
3.90509138637057,4.10235078305075
3.92046213318337,4.09889499780388
3.93579410825521,4.09507890637858
3.95108401174264,4.09090737874205
3.9663285222351,4.08638567676325
3.9815243091418,4.08151942462446
3.99666804378786,4.07631458045991
4.01175640934425,4.07077740921085
4.02678610975572,4.06491445659743
4.04175387785266,4.05873252404593
4.05665648283763,4.05223864437797
4.07149073732283,4.04544005806675
4.08625350406544,4.03834418989218
4.10094170250413,4.0309586258789
4.11555231514621,4.02329109047329
4.13008239379644,4.01534942400037
4.14452906555966,4.00714156053031
4.15888953849624,3.9986755063679
4.17316110676875,3.98995931944659
4.18734115509364,3.98100108995306
4.20142716230829,3.97180892252064
4.21541670388437,3.96239092030543
4.22930745326259,3.9527551711953
4.24309718195106,3.94290973629997
4.25678375841615,3.93286264073474
4.27036514589458,3.92262186654897
4.28383939936251,3.91219534747394
4.29720466200228,3.90159096498595
4.31045916160105,3.89081654501559
4.32360120738676,3.87987985450029
4.33662918784373,3.86878859689499
4.34954157003732,3.85755040575027
4.36233690089951,3.84617283556511
4.37501381076667,3.83466334935345
4.38757101920391,3.82302930275367
4.40000734279298,3.81127792507074
4.41232170411375,3.79941629835492
4.42451314065324,3.78745133643316
4.43658081189846,3.77538976661181
4.44852400251014,3.7632381174061
4.46034211935364,3.75100271593052
4.47203468039796,3.738689698309
4.4836012941773,3.72630503547859
4.49504162967174,3.71385457499548
4.50635537805485,3.70134409697124
4.51754220962661,3.68877937928386
4.5286017311626,3.6761662640871
4.53953345056095,3.66351071485388
4.55033675673686,3.65081885124951
4.56101092291708,3.63809694850396
4.57155514063197,3.62535138897162
4.5819685897415,3.61258855635252
4.59225054687183,3.59981466747037
4.60240053095319,3.587035542176
4.61241848053267,3.57425631827497
4.62230495366084,3.56148112463907
4.6320613378972,3.54871273109843
4.64169005576267,3.53595219764538
4.65119475008573,3.52319854741245
4.66058043427555,3.51044848755018
4.66985359457042,3.49769619953833
4.67902223454397,3.48493321588596
4.6880958562644,3.47214839410337
4.69708537706584,3.45932799189522
4.70600298545141,3.44645584042651
4.71486194377725,3.43351360592062
4.72367634871056,3.42048112433321
4.73246086276624,3.40733678982274
4.74123043138312,3.39405797544028
4.75,3.38062146393125
4.75876956861688,3.36718495242222
4.76753913723376,3.35359074378663
4.77632365128944,3.3398156207699
4.78513805622275,3.32583577581182
4.79399701454859,3.31162724184825
4.80291462293416,3.29716633322471
4.8119041437356,3.28243007461436
4.82097776545603,3.26739659530268
4.83014640542958,3.25204546743874
4.83941956572445,3.23635796990164
4.84880524991427,3.22031726414404
4.85830994423733,3.20390847441414
4.8679386621028,3.18711867160907
4.87769504633916,3.16993676703996
4.88758151946733,3.1523533288928
4.89759946904681,3.13436033948288
4.90774945312817,3.11595091496622
4.9180314102585,3.09711901062574
4.92844485936803,3.07785913407619
4.93898907708292,3.05816608588083
4.94966324326314,3.0380347425495
4.96046654943905,3.01745989129031
4.9713982688374,2.99643611992798
4.98245779037339,2.97495775979578
4.99364462194515,2.95301887477909
5.00495837032826,2.93061328647471
5.0163987058227,2.90773462384126
5.02796531960204,2.88437638571313
5.03965788064636,2.8605320058845
5.05147599748986,2.83619491273783
5.06341918810154,2.81135857812434
5.07548685934676,2.78601655294771
5.08767829588625,2.7601624892902
5.09999265720702,2.73379015071337
5.11242898079609,2.70689341346942
5.12498618923333,2.67946626180345
5.13766309910049,2.65150278043396
5.15045842996268,2.62299714683719
5.16337081215627,2.59394362530229
5.17639879261324,2.56433656401805
5.18954083839895,2.53417039580145
5.20279533799772,2.50343964254507
5.21616060063749,2.472138923067
5.22963485410542,2.44026296378902
5.24321624158385,2.40780661153055
5.25690281804894,2.37476484766309
5.27069254673741,2.34113280290136
5.28458329611563,2.3069057720929
5.29857283769171,2.27207922848998
5.31265884490636,2.23664883713158
5.32683889323125,2.2006104671143
5.34111046150376,2.16396020267713
5.35547093444034,2.12669435315495
5.36991760620356,2.08880946196075
5.38444768485379,2.0503023148301
5.39905829749587,2.01116994760083
5.41374649593456,1.9714096538053
5.42850926267717,1.9310189923251
5.44334351716237,1.88999579530315
5.45824612214734,1.84833817643298
5.47321389024428,1.8060445396574
5.48824359065575,1.7631135882163
5.50333195621214,1.7195443338951
5.5184756908582,1.67533610624699
5.5336714777649,1.63048856150051
5.54891598825736,1.58500169082276
5.56420589174479,1.53887582759136
5.57953786681663,1.49211165333558
5.59490861362944,1.44471020204028
5.61031486765285,1.39667286256351
5.6257534147732,1.34800137899871
5.6412211076716,1.29869784891167
5.65671488330384,1.24876471949839
5.67223178121515,1.19820478183679
5.68776896232843,1.14702116353925
5.70332372775486,1.09521732024687
5.7188935370944,1.04279702653576
5.73447602562676,0.989764366922462
5.75006901974509,0.936123727754626
5.76567054995867,0.881879790847838
5.78127886079265,0.827037529774234
5.79689241694497,0.77160220971822
5.81250990512649,0.715579391784574
5.8281302311139,0.658974942569635
5.84375251168922,0.601795049682213
5.85937606132939,0.544046243720857
5.87500037375139,0.485735426969768
5.89062509872019,0.426869908755179
5.90625001490116,0.367457446991466
5.921875,0.307506294921041
5.9375,0.24702525138855
5.953125,0.186023712158203
5.96875,0.12451171875
5.984375,0.0625
6,0
