x,y
1.3832,0.9768
1.6432375,1.22583125
1.89047275390625,1.467920703125
2.12535216369629,1.70322698669434
2.34831521205902,1.93189884653091
2.55979407605231,2.15407608412802
2.76021328418562,2.36989042493599
2.94998941423113,2.57946632168496
3.12953083448826,2.78292170116645
3.29923749098476,2.98036866499631
3.45950074046279,3.1719141548192
3.61070322587833,3.35766059073148
3.75321878854082,3.53770648901815
3.88741240936407,3.71214706219259
4.01364017106923,3.88107480126191
4.13224923345934,4.04458003745355
4.24357781487291,4.20275147853902
4.34795517440807,4.35567671347627
4.44570159129875,4.50344267837783
4.53712833975709,4.64613607676755
4.62253765952665,4.78384374766515
4.70222272417303,4.91665297617991
4.77646761062849,5.0446517429386
4.84554727456764,5.16792891072505
4.90972753671465,5.28657434904182
4.96926508510932,5.40067899973988
5.02440749769763,5.51033488919063
5.07539328843943,5.61563509446861
5.12245197858222,5.71667367246389
5.16580419302053,5.81354556158822
5.20566177994777,5.90634646568942
5.24222795050579,5.9951727289433
5.27569743400929,6.08012120893576
5.30625664369318,6.16128915302159
5.33408384790976,6.23877408049611
5.35934934240688,6.31267367024745
5.38221562088188,6.38308565046267
5.40283754349527,6.45010768385822
5.4213625062958,6.51383723933785
5.43793061802054,6.57437143993109
5.45267489352684,6.6318068785866
5.46572147395479,6.68623939892889
5.47718988150961,6.73776384757228
5.4871933110141,6.78647381671187
5.49583895165351,6.8324614076286
5.50322832225849,6.87581705363806
5.50945759448388,6.91662944119897
5.51461787294485,6.95498555812506
5.51879540177799,6.99097087827351
5.52207167399895,7.0246696656038
5.52452343271188,7.05616535220376
5.52622256958316,7.08554092086028
5.52723594302651,7.1128792085913
5.52762515307383,7.13826304693764
5.52744631927119,7.16177516866221
5.52674991055176,7.18349783682431
5.5255806716237,7.20351218661298
5.52397767995194,7.22189730710374
5.52197455283409,7.23872912338477
5.51959980777945,7.25407916440026
5.51687736380446,7.26801331526636
5.51382715835813,7.28059065371564
5.51046584571773,7.29186245970915
5.50680753840925,7.30187146766529
5.50314923110077,7.31188047562144
5.49919392912422,7.32062668554023
5.49495574500559,7.32815283184009
5.49044624951965,7.33449310339683
5.48567521311046,7.33967239577265
5.48065139033683,7.34370580606199
5.4753833088975,7.34659843980388
5.46988002050533,7.34834557982067
5.46415177118265,7.34893323828137
5.45821055400222,7.34833907829914
5.45207051769327,7.34653365405979
5.44574821879647,7.34348188405599
5.43926272130888,7.3391446460136
5.43263556358899,7.3334803693817
5.42589062513922,7.32644650486923
5.41905393357658,7.31800077083009
5.41215345334549,7.30810211061716
5.40521889243855,7.29671133778809
5.39828155279172,7.2837914898115
5.39137423639631,7.26930794789028
5.38453120535588,7.2532284042895
5.37778818281846,7.23552276564838
5.37118237485761,7.2161630714335
5.36475249167126,7.19512348480253
5.35853874933739,7.17238038498545
5.35258283923975,7.14791256279234
5.34692785915336,7.12170149973274
5.34161820604636,7.09373169961067
5.33669943475553,7.06399103947611
5.33221808849584,7.03247111217501
5.32822150702809,6.9991675419522
5.32475761695694,6.96408026424923
5.32187470680429,6.92721376867552
5.31962118774404,6.88857730910971
5.31804533948123,6.84818508704733
5.31719503982248,6.80605641422126
5.3171174760463,6.76221585884929
5.31785883625899,6.71669337717324
5.3194639795213,6.66952442871412
5.3219760846333,6.62075007031658
5.32543627899566,6.57041702104139
5.32988325079958,6.51857768772363
5.33535284976358,6.46529013991263
5.34187768354218,6.4106180231921
5.34948671858571,6.35463040162108
5.35820489546546,6.29740152313084
5.36805276936851,6.23901050588059
5.37904618653752,6.17954094840596
5.3911960068594,6.11908047140839
5.40450788161223,6.05772020374564
5.41898209360906,5.99555422915252
5.43461346470232,5.93267901307483
5.45139133292575,5.86919283042384
5.46929959858088,5.80519521477815
5.48831683550421,5.74078644732068
5.50841646082529,5.67606709941283
5.52956695405738,5.61113763615508
5.5517321146965,5.54609807989448
5.57487134697437,5.48104772334099
5.59893996124267,5.41608487358093
5.62388948364258,5.35130660400391
5.64966796875,5.28680849609375
5.6762203125,5.222684375
5.70277265625,5.15856025390625
5.73009885864258,5.09481011962891
5.75814381561279,5.0315277973175
5.78684926445484,4.96880535578728
5.81615409674644,4.90673284309059
5.84599467155235,4.84539801586885
5.87630512621033,4.78488606640108
5.90701769185912,4.72527934342414
5.93806302324118,4.66665706222514
5.96937055051595,4.60909500239909
6.00086885707267,4.55266519567034
6.03248608305965,4.49743560994113
6.06415035040664,4.44346983856469
6.09579020196704,4.39082680548789
6.12733504523799,4.33956049737572
6.15871558995242,4.28971973326189
6.18986426861424,4.24134798086377
6.22071562966221,4.1944832266535
6.25120669428032,4.14915790427818
6.281277269781,4.10539888315407
6.31087021480436,4.06322751622202
6.33993165410153,4.02265974315498
6.36841114317841,3.983706242975
6.39626178533803,3.94637262826658
6.42344030547217,3.9106596721192
6.44990708615939,3.87656355867354
6.47562617214787,3.84407614867326
6.50056524913593,3.81318525263826
6.52469560199199,3.78387490600144
6.54799205632221,3.75612564256521
6.57043290578515,3.72991476469361
6.59199982597409,3.70521661052719
6.61267777424864,3.68200281997972
6.63245487382515,3.66024260213951
6.65132227999454,3.63990300671967
6.66927402683826,3.62094920111302
6.68630685454068,3.60334475220556
6.7024200204429,3.58705190843544
6.71761510103527,3.5720318731827
6.73189579628527,3.55824505655931
6.74526775070051,3.54565129060025
6.75773840582103,3.53420999429753
6.7693168952558,3.52388028082075
6.78001398562887,3.51462100942385
6.78984205577072,3.50639079735472
6.79881509421505,3.49914801981767
6.80694868428448,3.49285083545079
6.81425993953278,3.48745727802974
6.8207673520874,3.48292545056958
6.82649052324755,3.4792138457617
6.83144975877601,3.4762817985901
6.83566552858102,3.47409005617695
6.83915780898138,3.47260143013828
6.84194534236588,3.47178148145357
6.84404486114038,3.47159917956355
6.84547032869289,3.47202747720783
6.84623224916099,3.47304375002242
6.84633709066292,3.47463006351249
6.84578685485308,3.47677324727357
6.84457881120101,3.4794647745537
6.8427053994034,3.48270046194496
6.84015428971323,3.48648001726005
6.83690858011843,3.4908064723596
6.83366287052363,3.49513292745915
6.82972256102421,3.50000628234317
6.8250707496081,3.50542956887227
6.81968596199822,3.51140914295501
6.81354234883115,3.51795411737509
6.80661001968544,3.52507567956935
6.79885549289191,3.53278633112196
6.79024222920693,3.54109909445037
6.78073120935124,3.55002673631129
6.77028151152214,3.55958105622123
6.75885084619891,3.56977228031534
6.74639601207703,3.58060858817898
6.73287324811226,3.59209578340318
6.71823847091034,3.60423710047493
6.70244740190366,3.61703312398066
6.68545560248962,3.63048178371844
6.66721844535785,3.64457838321557
6.647691055083,3.65931562018367
6.62682825021591,3.6746835650365
6.60458451322415,3.69066957585279
6.58091400535202,3.70725814230679
6.55577063299382,3.72443066413421
6.52910816272083,3.74216517919934
6.50088037536188,3.76043606083291
6.47104124632066,3.77921370380777
6.43954513946688,3.7984642142695
6.40634700455642,3.81814911297747
6.37140257195026,3.83822505522363
6.33466854221323,3.85864356617771
6.29610277115404,3.87935078779659
6.25566445267317,3.9002872327551
6.21331430246539,3.92138754158375
6.169014745441,3.94258024070003
6.12273010897859,3.96378750078602
6.07442682303103,3.98492489669637
6.02407362682579,4.00590117163537
5.9716417805415,4.02661800964725
5.91710527901346,4.04696982144923
5.8604410633393,4.06684354922477
5.8016292253391,4.08611849612226
5.74065319926832,4.10466618585028
5.67749993504682,4.12235025695437
5.61216004757109,4.13902639518219
5.54462793738946,4.15454230591529
5.47490187907343,4.16873772710878
5.40298407491279,4.18144448168229
5.32888067298195,4.19248656697808
5.25260175005177,4.20168027785102
5.17416126114398,4.20883435925159
5.0935769586475,4.21375018385261
5.01087028475286,4.21622195037445
4.92606624143873,4.21603689879196
4.8391932422959,4.21297553955566
4.75028295003836,4.20681189530622
4.65937010258995,4.19731375524667
4.5664923291439,4.18424294424711
4.47168995563472,4.16735561071774
4.3750057967931,4.14640253905952
4.27648492965698,4.12112949380875
4.17617444152832,4.09127760314941
4.07412314453125,4.0565837890625
3.97038125,4.01678125
3.865,3.9716
