x,y
0,-2
0.015625,-1.9375
0.031494140625,-1.876953125
0.0475997924804688,-1.81830596923828
0.0639290809631348,-1.76150751113892
0.0804652273654938,-1.70650860667229
0.0971886832267046,-1.65326159261167
0.114078083308414,-1.60171998175792
0.131111032271292,-1.55183823796688
0.148264737512363,-1.50357162061482
0.165516501558159,-1.456876088223
0.182844089456182,-1.41170825060073
0.200225988447798,-1.36802535870025
0.217641578232745,-1.32578532166028
0.235071230174805,-1.28494674128232
0.252496352919157,-1.24546895535151
0.269899400272427,-1.20731208265716
0.287263855032696,-1.17043706416866
0.304574199922477,-1.13480569648517
0.321815884024641,-1.10038065532607
0.338975290301176,-1.06712550838912
0.356039707059789,-1.03500471829125
0.372997303818278,-1.00398363742604
0.389837110099387,-0.974028497331162
0.406548994436631,-0.945106395485588
0.423123640384276,-0.917185282325892
0.439552516609223,-0.890233950711588
0.455827839104332,-0.864222029170357
0.471942525017672,-0.839119979149839
0.487890139295043,-0.814899095355536
0.503664837015463,-0.791531507228377
0.519261305709334,-0.76899017885305
0.534674712880429,-0.747248904193603
0.549900664242986,-0.726282294598161
0.564935177669272,-0.706065756071051
0.579774676294075,-0.686575454988491
0.59441600136386,-0.667788272871359
0.608856441093833,-0.649681753578375
0.623093766295113,-0.632234049606831
0.637126257907727,-0.615423877367673
0.650952707690178,-0.599230493133334
0.664572373454986,-0.583633700441546
0.677984876267573,-0.568613895035479
0.691190039424105,-0.554152144856879
0.704187686218008,-0.540230291456548
0.716977431869075,-0.526831047979706
0.729558519639589,-0.51393806082427
0.741929757325595,-0.501535900093498
0.754089604813538,-0.489609949783592
0.766036445745759,-0.478146182111975
0.777769049065981,-0.467130819388627
0.789287194310689,-0.456549907751815
0.800592404220121,-0.44638884570943
0.811688705555813,-0.436631922938359
0.82258332830257,-0.427261928670521
0.833287256575006,-0.41825988349578
0.843815560691116,-0.409604934632811
0.854187465844592,-0.401274435218222
0.864426143957707,-0.393244206326286
0.874558246548588,-0.385488959737129
0.884613223261684,-0.377982842851826
0.894622489806032,-0.370700056551005
0.904618518758945,-0.363615492978864
0.914633926984842,-0.356705342863578
0.924649335210738,-0.349795192748292
0.934684122709619,-0.343059456089861
0.944770906345903,-0.336474323616462
0.95494244727112,-0.330017284640249
0.965230738342741,-0.323667734377756
0.975666088158177,-0.317407550806694
0.986276275453651,-0.311221590670088
0.997085847909838,-0.305098056867819
1.00811563027731,-0.299028698548435
1.01938248814705,-0.293008820387427
1.03089936723155,-0.287037097355622
1.04267559690995,-0.281115213233903
1.05471741552826,-0.275247361959542
1.06702864861346,-0.26943966712102
1.07961145444562,-0.263699583548796
1.09246704758957,-0.25803534414298
1.1055963209741,-0.252455504698884
1.11900030916157,-0.246968621296131
1.13268046530063,-0.241583072211172
1.1466387559665,-0.236307013658603
1.16087760543536,-0.231148440290922
1.17539973887636,-0.226115310540612
1.19020797987562,-0.221215694958823
1.20530505201403,-0.21645791192815
1.22069341998535,-0.211850626917352
1.23637518766335,-0.207402905236283
1.25235205346258,-0.203124220566611
1.26862531092142,-0.199024429950926
1.28519587628496,-0.195113729517047
1.30206432455209,-0.191402604557513
1.31923091915997,-0.187901784169983
1.33669562596369,-0.184622206204136
1.35445810757653,-0.181574994099567
1.37251769841725,-0.178771444055096
1.39087336366558,-0.176223018999467
1.40952364690085,-0.173941344876323
1.42846661175568,-0.171938204572567
1.44769978267537,-0.170225525210883
1.4672200889889,-0.168815355344202
1.48702381512493,-0.167719829687714
1.50710655814378,-0.166951120232476
1.52746319205144,-0.166521373709828
1.54808783687793,-0.166442636222805
1.56897382948529,-0.166726766263274
1.59011369270703,-0.167385337180351
1.61149909981034,-0.168429529418645
1.63312083241662,-0.169870011544239
1.65496873182327,-0.171716807330352
1.67703164598302,-0.173979144138075
1.69929737702643,-0.176665275672307
1.7217526369726,-0.179782270083294
1.74438302199525,-0.183335752462142
1.76717301815188,-0.187329589167348
1.79010605369331,-0.191765500236215
1.81316461478127,-0.196642585506197
1.83633044245653,-0.201956750126556
1.85958482883871,-0.207700015977025
1.88290902972221,-0.213859707117081
1.90628480911255,-0.220417499542236
1.92969512939453,-0.227348327636719
1.953125,-0.234619140625
1.9765625,-0.2421875
2,-0.25
2.0234375,-0.2578125
2.046875,-0.265869140625
2.07030487060547,-0.274116516113281
2.09371519088745,-0.282506465911865
2.11709097027779,-0.290995687246323
2.14041517116129,-0.299545360729098
2.16366955754347,-0.308120789704844
2.18683538521873,-0.316691054787952
2.20989394630669,-0.325228685334878
2.23282698184812,-0.333709349528363
2.25561697800475,-0.342111564444906
2.2782473630274,-0.350416427029373
2.30070262297357,-0.35860736639158
2.32296835401698,-0.366669917329867
2.34503126817673,-0.374591514518794
2.36687916758338,-0.382361306399457
2.38850090018966,-0.389969987496303
2.40988630729297,-0.397409647659766
2.43102617051471,-0.404673636600041
2.45191216312207,-0.411756442030469
2.47253680794856,-0.418653579773443
2.49289344185622,-0.425361494288207
2.51297618487507,-0.431877468245579
2.5327799110111,-0.438199539982706
2.55230021732463,-0.444326427901132
2.57153338824432,-0.450257461101806
2.59047635309915,-0.455992515759303
2.60912663633442,-0.461531956905819
2.62748230158275,-0.466876585409685
2.64554189242347,-0.472027589986502
2.66330437403631,-0.47698650407384
2.68076908084003,-0.481755167340319
2.69793567544791,-0.486335691499096
2.71480412371504,-0.490730429969332
2.73137468907858,-0.494941950792963
2.74764794653742,-0.498973012086472
2.76362481233665,-0.502826539214813
2.77930658001465,-0.506505602856856
2.79469494798597,-0.510013397239954
2.80979202012438,-0.513353218102645
2.82460026112364,-0.51652844041492
2.83912239456464,-0.519542496499751
2.8533612440335,-0.522398855837136
2.86731953469937,-0.525101008310684
2.88099969083843,-0.527652452777972
2.8944036790259,-0.53005669245863
2.90753295241043,-0.532317237696951
2.92038854555438,-0.534437615271449
2.93297135138654,-0.536421381832429
2.94528258447174,-0.538272137578224
2.95732440309005,-0.539993535268667
2.96910063276845,-0.541589279384208
2.98061751185295,-0.543063110794989
2.99188436972269,-0.544418773661558
3.00291415209016,-0.54565996324607
3.01372372454635,-0.546790255557518
3.02433391184182,-0.54781302193186
3.03476926165726,-0.548731333430581
3.04505755272888,-0.549547861087045
3.0552290936541,-0.550264778416575
3.06531587729038,-0.550883672237335
3.07535066478926,-0.551405466839022
3.08536607301516,-0.55183036507579
3.09538148124105,-0.552255263312558
3.10537751019397,-0.552583265184405
3.11538677673832,-0.552814573545487
3.12544175345141,-0.552948669814412
3.13557385604229,-0.552984255067173
3.14581253415541,-0.552919208054297
3.15618443930888,-0.552750563718649
3.16671274342499,-0.552474514329708
3.17741667169743,-0.552086433439023
3.18831129444419,-0.551580920690686
3.19940759577988,-0.55095186335743
3.21071280568931,-0.550192508628156
3.22223095093402,-0.549295539450571
3.23396355425424,-0.548253146371463
3.24591039518646,-0.54705708843278
3.25807024267441,-0.545698737727228
3.27044148036041,-0.544169104472951
3.28302256813093,-0.542458842068785
3.29581231378199,-0.540558234096138
3.3088099605759,-0.538457167209819
3.32201512373243,-0.536145094985582
3.33542762654501,-0.533610997928326
3.34904729230982,-0.53084334406838
3.36287374209227,-0.527830053151256
3.37690623370489,-0.52455846574082
3.39114355890617,-0.521015316999266
3.40558399863614,-0.517186713781323
3.42022532370593,-0.513058113129583
3.43506482233073,-0.508614300259502
3.45009933575701,-0.50383936452553
3.46532528711957,-0.498716672457689
3.48073869429067,-0.493228837561057
3.49633516298454,-0.487357687053529
3.51210986070496,-0.481084226028853
3.52805747498233,-0.4743885996779
3.54417216089567,-0.467250054214764
3.56044748339078,-0.459646897073664
3.57687635961572,-0.45155645680066
3.59345100556337,-0.442955042889633
3.61016288990061,-0.433817905632823
3.62700269618172,-0.424119195901507
3.64396029294021,-0.413831924670405
3.66102470969882,-0.402927922074017
3.67818411597536,-0.391377795850325
3.69542580007752,-0.379150889192721
3.7127361449673,-0.366215238288528
3.73010059972757,-0.35253753015532
3.74750364708084,-0.33808306176906
3.7649287698252,-0.322815701881023
3.78235842176726,-0.306697857312536
3.7997740115522,-0.289690445868658
3.81715591054382,-0.271752878297946
3.83448349844184,-0.252843051921445
3.85173526248764,-0.232917358636769
3.86888896772871,-0.211930709949229
3.88592191669159,-0.189836581470445
3.9028113167733,-0.166587078943849
3.91953477263451,-0.14213302731514
3.93607091903687,-0.116424083709717
3.95240020751953,-0.0894088745117188
3.968505859375,-0.06103515625
3.984375,-0.03125
4,0
